🌐 i18next is maintained with support from Locize — consider powering your project with managed localization (AI, CDN, integrations): https://locize.com 💙
pass 67 424242 3
pass 47 424242 5
pass 26 424242 5
pass 29 424242 5
pass 68 424242 7
pass 69 424242 8
seed 424242 found [ 67, 47, 26, 29, 68, 69 ]
pass 6 777 21
seed 777 found [
  67, 47, 26, 29,
  68, 69,  6
]
pass 28 31337 2
pass 43 31337 11
pass 40 31337 19
seed 31337 found [
  67, 47, 26, 29, 68,
  69,  6, 28, 43, 40
]
seed 20260913 found [
  67, 47, 26, 29, 68,
  69,  6, 28, 43, 40
]
pass 1 1 11
pass 18 1 19
seed 1 found [
  67, 47, 26, 29, 68,
  69,  6, 28, 43, 40,
   1, 18
]
pass 36 2 2
pass 35 2 20
seed 2 found [
  67, 47, 26, 29, 68, 69,
   6, 28, 43, 40,  1, 18,
  36, 35
]
pass 23 3 1
pass 2 3 6
pass 21 3 25
seed 3 found [
  67, 47, 26, 29, 68, 69,  6,
  28, 43, 40,  1, 18, 36, 35,
  23,  2, 21
]
seed 4 found [
  67, 47, 26, 29, 68, 69,  6,
  28, 43, 40,  1, 18, 36, 35,
  23,  2, 21
]
pass 22 5 1
seed 5 found [
  67, 47, 26, 29, 68, 69,  6,
  28, 43, 40,  1, 18, 36, 35,
  23,  2, 21, 22
]
seed 6 found [
  67, 47, 26, 29, 68, 69,  6,
  28, 43, 40,  1, 18, 36, 35,
  23,  2, 21, 22
]
seed 7 found [
  67, 47, 26, 29, 68, 69,  6,
  28, 43, 40,  1, 18, 36, 35,
  23,  2, 21, 22
]
seed 8 found [
  67, 47, 26, 29, 68, 69,  6,
  28, 43, 40,  1, 18, 36, 35,
  23,  2, 21, 22
]
seed 9 found [
  67, 47, 26, 29, 68, 69,  6,
  28, 43, 40,  1, 18, 36, 35,
  23,  2, 21, 22
]
pass 7 10 18
seed 10 found [
  67, 47, 26, 29, 68, 69,  6,
  28, 43, 40,  1, 18, 36, 35,
  23,  2, 21, 22,  7
]
