🌐 i18next is maintained with support from Locize — consider powering your project with managed localization (AI, CDN, integrations): https://locize.com 💙
3 1 0 6 5
4 1 0 2 2
5 1 0 2 1
10 1 0 9 3
1 1 0 7 6
2 1 0 4 3
15 1 0 2 2
16 1 0 6 0
17 1 0 0 0
19 1 0 1 0
20 1 0 1 0
23 1 0 0 0
18 1 0 0 0
22 1 0 0 0
24 1 0 1 1
25 1 0 1 1
40 1 0 0 0
35 1 0 0 0
27 1 0 0 0
26 1 0 5 5
28 1 0 0 0
21 1 0 1 1
29 1 0 13 13
41 1 0 1 1
43 1 0 4 1
50 1 0 6 6
56 1 0 5 1
69 1 0 1 1
70 1 0 1 1
9 1 0 4 2
11 1 0 5 5
12 1 0 2 1
30 1 0 1 1
33 1 0 2 2
42 1 0 1 1
45 1 0 7 7
46 1 0 2 0
47 FAILED
49 1 0 2 2
53 1 0 9 9
55 1 0 4 0
71 1 0 3 1
31 1 0 9 9
34 1 0 1 1
36 1 0 2 1
37 1 0 2 2
38 1 0 2 1
39 1 0 2 1
44 1 0 2 2
32 1 0 15 15
51 1 0 4 4
52 FAILED
54 1 0 5 5
13 1 0 22 10
14 1 0 23 6
8 1 0 6 0
